72109 12181 32614 69258 67853 87832 44607
93331 54725 75510 02587 64074 06410 26043
14577 73216 95441 40063 34484 07980 05335
80187 87568 15577 98190 81774 72253 84901
86611 67592 68303 27096 31778 29756 47325
57672 48018 78538 17159 93531 15271 27566
58411 27204 93126 80976 35805 25720 89577
10243 90333 51958 62661 02481 04028 76032
94838 95979 03258 47079 10100 79182 13325
13890 20216 44621 40161 97097 82503 82950
73837 90524 34555 76439 62534 80474 09857
13416 99419 35963 05751 62341 70687 73126
28457 18362 29127 79064 75643 93211 97956
73202 94358 38474 75525 20387 17713 09500
42143 50690 62734 72234 47121 90457 84577
60153 73162 59322 33511 93864 60020 89714
32052 03107 46687 61162 60339 87038 80619
04930 88416 49827 62010 03196 20389 18614
92950 08854 95339 35583 72516 61518 31012
03690 43632 12518 99970 10623 71094 56770
89517 07716 06223 22589 21667 48616 44600
10063 63701 39439 13364 09813 46223 14504
93240 28656 58062 16620 43059 03110 57026
89530 82823 55267 27613 93057 72641 27163
34682 65595 39984 33139 92576 88843 17586
56955 17056 31144 03751 71355 12022 74760
71672 99778 58134 39021 15025 14760 73308
16688 52207 26057 46145 20624 94112 15243
49596 06483 05227 64782 81953 27484 54969
