00101101 00100000 00101110 00101101 00101110 00100000 00101110 00101101
00100000 00101101 00101110 00100000 00101110 00101110 00101110 00100000
00101110 00101101 00101110 00101110 00100000 00101110 00101101 00100000
00101101 00100000 00101110 00100000 00101111 00100000 00101101 00100000
00101110 00101110 00101110 00101110 00100000 00101110 00101110 00100000
00101110 00101110 00101110 00100000 00101111 00100000 00101101 00101110
00101110 00101110 00100000 00101110 00101101 00100000 00101110 00101110
00101110 00100000 00101110 00100000 00101101 00101110 00101110 00101110
00101110 00100000 00101110 00101110 00101110 00101110 00101101 00100000
00101111 00100000 00101101 00101110 00101101 00101110 00100000 00101101
00101101 00101101 00100000 00101101 00101110 00101110 00100000 00101110
00100000 00101101 00101101 00101101 00101110 00101110 00101110 00100000
00101110 00101101 00100000 00101110 00101110 00101110 00101110 00100000
00101110 00101101 00101110 00100000 00101101 00101101 00101101 00101101
00101101 00100000 00101101 00101110 00101101 00101110 00100000 00101110 00101110 00101110 00101110 00100000 00101101 00101101 00100000 00101101 00101110 00101110 00101110 00101110 00100000 00101110 00101101 00101110 00101110 00100000 00101101 00101110 00101101 00101101 00100000 00101101 00101101 00101101 00101101 00101110 00100000 00101110 00101110 00101110 00101101 00101101 00100000 00101101 00101110 00101110 00100000 00101110 00101110 00101110 00101101 00101101 00100000 00101101 00101110 00101101 00101110 00100000 00101110 00101110 00101101 00100000 00101110 00100000 00101110 00101101 00101101 00100000 00101101 00101101 00101101 00101101 00101110 00100000 00101110 00101101 00101101 00101101 00101101 00100000 00101101 00101110 00101110 00100000 00101110 00101110 00101110 00101110 00100000 00101110 00101110 00101110 00101101 00100000 00101110 00101110 00100000 00101101 00101101 00101110 00101110 00100000 00101110 00101110 00101110 00100000 00101110 00101110 00101110 00101110 00101110 00100000 00101110 00101101 00101101 00101101 00100000 00101101 00101110 00101110 00101110 00100000 00101110 00101110 00101101 00101101 00101101 00100000 00101101 00101101 00101101 00101101 00101101 00100000 00101110 00101110 00101110 00101101 00100000 00101101 00101110 00101110 00100000 00101110 00101110 00101101 00101101 00101101 00100000 00101110 00101110 00101101 00101110 00100000 00101101 00101101 00101101 00101101 00101101 00100000 00101101 00101110 00101101 00101101 00100000 00101110 00101110 00101101 00101101 00101101 00100000 00101101 00101101 00101110 00100000
